 -1520
  2671
 -3563
 -3969
 -4624
 -5524
 -6424
 -6928
 -7027
 -7011
 -6988
 -6968
 -6944
 -6920
 -6896
 -6872
 -6848
 -6824
 -6800
 -6775
 -6747
 -6721
 -6696
 -6675
 -6647
 -6621
 -6595
 -6569
 -6543
 -6517
 -6490
 -6467
 -6438
 -6413
 -6383
 -6354
 -6329
 -6299
 -6269
 -6239
 -6209
 -6179
 -6148
 -6120
 -6090
 -6058
 -6026
 -5993
 -5956
 -5921
 -5882
 -5846
 -5808
 -5769
 -5725
 -5680
 -5637
 -5588
 -5540
 -5489
 -5432
 -5373
 -5306
 -5236
 -5158
 -5070
 -4969
 -4849
 -4704
 -4525
 -4288
 -3959
 -3457
 -2598
  -853
  3794
 -4383
 -6061
 -7628
 -7851
 -7755
 -7756
 -7730
 -7708
 -7686
 -7663
 -7637
 -7615
 -7592
 -7574
 -7550
 -7528
 -7505
 -7479
 -7457
 -7434
 -7415
 -7388
 -7369
 -7343
 -7320
 -7301
 -7274
 -7255
 -7228
 -7209
 -7182
 -7162
 -7139
 -7113
 -7089
 -7066
 -7046
 -7023
 -6996
 -6975
 -6948
 -6928
 -6904
 -6880
 -6856
 -6832
 -6808
 -6783
 -6755
 -6730
 -6708
 -6684
 -6659
 -6630
 -6607
 -6579
 -6553
 -6526
 -6503
 -6474
 -6450
 -6424
 -6397
 -6366
 -6340
 -6313
 -6281
 -6251
 -6221
 -6191
 -6160
 -6132
 -6102
 -6071
 -6035
 -6000
 -5968
 -5934
 -5899
 -5859
 -5819
 -5779
 -5738
 -5698
 -5655
 -5607
 -5557
 -5504
 -5451
 -5391
 -5326
 -5259
 -5182
 -5098
 -5002
 -4891
 -4755
 -4588
 -4374
 -4082
 -3651
 -2944
 -1599
  1627
 -4385
 -6066
 -7636
 -7851
 -7757
 -7757
 -7728
 -7711
 -7683
 -7662
 -7643
 -7616
 -7598
 -7574
 -7552
 -7529
 -7504
 -7485
 -7458
 -7439
 -7412
 -7394
 -7371
 -7344
 -7325
 -7299
 -7276
 -7257
 -7230
 -7211
 -7184
 -7164
 -7141
 -7115
 -7091
 -7068
 -7048
 -7025
 -6998
 -6977
 -6951
 -6927
 -6902
 -6882
 -6858
 -6834
 -6810
 -6785
 -6757
 -6732
 -6710
 -6686
 -6661
 -6632
 -6609
 -6580
 -6557
 -6529
 -6502
 -6478
 -6452
 -6425
 -6395
 -6366
 -6341
 -6311
 -6282
 -6255
 -6224
 -6196
 -6167
 -6133
 -6100
 -6071
 -6036
 -6005
 -5969
 -5933
 -5896
 -5861
 -5822
 -5785
 -5743
 -5699
 -5654
 -5610
 -5563
 -5510
 -5457
 -5397
 -5333
 -5263
 -5186
 -5103
 -5006
 -4896
 -4764
 -4602
 -4393
 -4107
 -3688
 -3010
 -1735
  1261
 11407
 -4380
 -6057
 -7624
 -7849
 -7753
 -7754
 -7728
 -7706
 -7684
 -7661
 -7635
 -7613
 -7590
 -7572
 -7548
 -7526
 -7503
 -7477
 -7455
 -7432
 -7413
 -7386
 -7367
 -7341
 -7318
 -7299
 -7272
 -7253
 -7227
 -7204
 -7184
 -7161
 -7134
 -7115
 -7088
 -7068
 -7045
 -7018
 -6998
 -6974
 -6950
 -6926
 -6903
 -6875
 -6851
 -6827
 -6802
 -6781
 -6754
 -6732
 -6707
 -6679
 -6653
 -6627
 -6602
 -6579
 -6551
 -6524
 -6501
 -6472
 -6448
 -6421
 -6391
 -6362
 -6337
 -6307
 -6277
 -6248
 -6221
 -6190
 -6161
 -6128
 -6098
 -6067
 -6032
 -6000
 -5966
 -5931
 -5893
 -5854
 -5817
 -5776
 -5737
 -5693
 -5647
 -5599
 -5549
 -5496
 -5443
 -5383
 -5318
 -5250
 -5174
 -5089
 -4989
 -4873
 -4734
 -4564
 -4343
 -4036
 -3580
 -2821
 -1339
  2352
 -4384
 -6066
 -7635
 -7847
 -7758
 -7760
 -7730
 -7709
 -7683
 -7661
 -7638
 -7620
 -7596
 -7574
 -7551
 -7525
 -7503
 -7480
 -7461
 -7434
 -7416
 -7392
 -7370
 -7347
 -7321
 -7298
 -7279
 -7252
 -7233
 -7206
 -7187
 -7160
 -7140
 -7117
 -7090
 -7071
 -7044
 -7024
 -7000
 -6977
 -6950
 -6929
 -6902
 -6881
 -6854
 -6832
 -6808
 -6784
 -6759
 -6731
 -6706
 -6684
 -6659
 -6631
 -6605
 -6579
 -6553
 -6527
 -6500
 -6477
 -6448
 -6423
 -6394
 -6369
 -6339
 -6310
 -6284
 -6256
 -6227
 -6194
 -6165
 -6132
 -6102
 -6071
 -6036
 -6004
 -5971
 -5933
 -5896
 -5861
 -5821
 -5781
 -5740
 -5700
 -5657
 -5609
 -5559
 -5506
 -5453
 -5393
 -5329
 -5259
 -5182
 -5099
 -5001
 -4888
 -4755
 -4588
 -4375
 -4082
 -3652
 -2948
 -1608
  1601
 -4385
 -6066
 -7637
 -7848
 -7763
 -7756
 -7733
 -7706
 -7689
 -7661
 -7640
 -7621
 -7594
 -7576
 -7552
 -7530
 -7508
 -7485
 -7458
 -7440
 -7416
 -7394
 -7371
 -7345
 -7322
 -7303
 -7276
 -7257
 -7231
 -7207
 -7185
 -7161
 -7138
 -7119
 -7092
 -7072
 -7049
 -7022
 -7002
 -6978
 -6955
 -6928
 -6906
 -6883
 -6855
 -6831
 -6806
 -6785
 -6758
 -6736
 -6711
 -6683
 -6657
 -6631
 -6606
 -6583
 -6555
 -6529
 -6502
 -6479
 -6450
 -6425
 -6396
 -6370
 -6343
 -6312
 -6286
 -6258
 -6228
 -6198
 -6168
 -6137
 -6102
 -6072
 -6040
 -6007
 -5970
 -5936
 -5901
 -5862
 -5825
 -5784
 -5745
 -5701
 -5655
 -5608
 -5561
 -5508
 -5455
 -5395
 -5331
 -5262
 -5188
 -5105
 -5008
 -4898
 -4766
 -4604
 -4395
 -4110
 -3694
 -3020
 -1755
  1208
 11190
 -4380
 -6057
 -7624
 -7849
 -7753
 -7754
 -7728
 -7706
 -7684
 -7661
 -7635
 -7613
 -7590
 -7572
 -7548
 -7526
 -7503
 -7477
 -7455
 -7432
 -7413
 -7386
 -7367
 -7341
 -7318
 -7299
 -7272
 -7253
 -7227
 -7204
 -7184
 -7161
 -7134
 -7115
 -7088
 -7068
 -7045
 -7018
 -6998
 -6974
 -6950
 -6926
 -6903
 -6875
 -6851
 -6827
 -6802
 -6781
 -6754
 -6732
 -6707
 -6679
 -6653
 -6627
 -6602
 -6579
 -6551
 -6524
 -6501
 -6472
 -6448
 -6421
 -6391
 -6362
 -6337
 -6307
 -6277
 -6248
 -6221
 -6190
 -6161
 -6128
 -6098
 -6067
 -6032
 -6000
 -5966
 -5931
 -5893
 -5854
 -5817
 -5776
 -5737
 -5693
 -5647
 -5599
 -5549
 -5496
 -5443
 -5383
 -5318
 -5250
 -5174
 -5089
 -4989
 -4873
 -4734
 -4564
 -4343
 -4036
 -3580
 -2821
 -1339
  2352
 -4384
 -6066
 -7635
 -7847
 -7758
 -7760
 -7730
 -7709
 -7683
 -7661
 -7638
 -7620
 -7596
 -7574
 -7551
 -7525
 -7503
 -7480
 -7461
 -7434
 -7416
 -7392
 -7370
 -7347
 -7321
 -7298
 -7279
 -7252
 -7233
 -7206
 -7187
 -7160
 -7140
 -7117
 -7090
 -7071
 -7044
 -7024
 -7000
 -6977
 -6950
 -6929
 -6902
 -6881
 -6854
 -6832
 -6808
 -6784
 -6759
 -6731
 -6706
 -6684
 -6659
 -6631
 -6605
 -6579
 -6553
 -6527
 -6500
 -6477
 -6448
 -6423
 -6394
 -6369
 -6339
 -6310
 -6284
 -6256
 -6227
 -6194
 -6165
 -6132
 -6102
 -6071
 -6036
 -6004
 -5971
 -5933
 -5896
 -5861
 -5821
 -5781
 -5740
 -5700
 -5657
 -5609
 -5559
 -5506
 -5453
 -5393
 -5329
 -5259
 -5182
 -5099
 -5001
 -4888
 -4755
 -4588
 -4375
 -4082
 -3652
 -2948
 -1608
  1601
 -4385
 -6066
 -7637
 -7848
 -7763
 -7756
 -7733
 -7706
 -7689
 -7661
 -7640
 -7621
 -7594
 -7576
 -7552
 -7530
 -7508
 -7485
 -7458
 -7440
 -7416
 -7394
 -7371
 -7345
 -7322
 -7303
 -7276
 -7257
 -7231
 -7207
 -7185
 -7161
 -7138
 -7119
 -7092
 -7072
 -7049
 -7022
 -7002
 -6978
 -6955
 -6928
 -6906
 -6883
 -6855
 -6831
 -6806
 -6785
 -6758
 -6736
 -6711
 -6683
 -6657
 -6631
 -6606
 -6583
 -6555
 -6529
 -6502
 -6479
 -6450
 -6425
 -6396
 -6370
 -6343
 -6312
 -6286
 -6258
 -6228
 -6198
 -6168
 -6137
 -6102
 -6072
 -6040
 -6007
 -5970
 -5936
 -5901
 -5862
 -5825
 -5784
 -5745
 -5701
 -5655
 -5608
 -5561
 -5508
 -5455
 -5395
 -5331
 -5262
 -5188
 -5105
 -5008
 -4898
 -4766
 -4604
 -4395
 -4110
 -3694
 -3020
 -1755
  1208
 11190
 -4380
 -6057
 -7624
 -7849
 -7753
 -7754
 -7728
 -7706
 -7684
 -7661
 -7635
 -7613
 -7590
 -7572
 -7548
 -7526
 -7503
 -7477
 -7455
 -7432
 -7413
 -7386
 -7367
 -7341
 -7318
 -7299
 -7272
 -7253
 -7227
 -7204
 -7184
 -7161
 -7134
 -7115
 -7088
 -7068
 -7045
 -7018
 -6998
 -6974
 -6950
 -6926
 -6903
 -6875
 -6851
 -6827
 -6802
 -6781
 -6754
 -6732
 -6707
 -6679
 -6653
 -6627
 -6602
 -6579
 -6551
 -6524
 -6501
 -6472
 -6448
 -6421
 -6391
 -6362
 -6337
 -6307
 -6277
 -6248
 -6221
 -6190
 -6161
 -6128
 -6098
 -6067
 -6032
 -6000
 -5966
 -5931
 -5893
 -5854
 -5817
 -5776
 -5737
 -5693
 -5647
 -5599
 -5549
 -5496
 -5443
